308 580 255
308 581 255
308 582 255
308 583 255
308 584 255
308 585 255
309 577 255
309 578 255
309 579 255
309 580 255
309 581 255
309 582 255
309 583 255
309 584 255
309 585 255
309 586 255
309 587 255
309 588 255
310 575 255
310 576 255
310 577 255
310 578 255
310 579 255
310 580 255
310 581 255
310 582 255
310 583 255
310 584 255
310 585 255
310 586 255
310 587 255
310 588 255
310 589 255
310 590 255
311 573 255
311 574 255
311 575 255
311 576 255
311 577 255
311 578 255
311 579 255
311 580 255
311 581 255
311 582 255
311 583 255
311 584 255
311 585 255
311 586 255
311 587 255
311 588 255
311 589 255
311 590 255
311 591 255
312 571 255
312 572 255
312 573 255
312 574 255
312 575 255
312 576 255
312 577 255
312 578 255
312 579 255
312 580 255
312 581 255
312 582 255
312 583 255
312 584 255
312 585 255
312 586 255
312 587 255
312 588 255
312 589 255
312 590 255
312 591 255
312 592 255
312 593 255
313 570 255
313 571 255
313 572 255
313 573 255
313 574 255
313 575 255
313 576 255
313 577 255
313 578 255
313 579 255
313 580 255
313 581 255
313 582 255
313 583 255
313 584 255
313 585 255
313 586 255
313 587 255
313 588 255
313 589 255
313 590 255
313 591 255
313 592 255
313 593 255
313 594 255
314 569 255
314 570 255
314 571 255
314 572 255
314 573 255
314 574 255
314 575 255
314 576 255
314 577 255
314 578 255
314 579 255
314 580 255
314 581 255
314 582 255
314 583 255
314 584 255
314 585 255
314 586 255
314 587 255
314 588 255
314 589 255
314 590 255
314 591 255
314 592 255
314 593 255
314 594 255
314 595 255
315 568 255
315 569 255
315 570 255
315 571 255
315 572 255
315 573 255
315 574 255
315 575 255
315 576 255
315 577 255
315 578 255
315 579 255
315 580 255
315 581 255
315 582 255
315 583 255
315 584 255
315 585 255
315 586 255
315 587 255
315 588 255
315 589 255
315 590 255
315 591 255
315 592 255
315 593 255
315 594 255
315 595 255
315 596 255
315 597 255
316 567 255
316 568 255
316 569 255
316 570 255
316 571 255
316 572 255
316 573 255
316 574 255
316 575 255
316 576 255
316 577 255
316 578 255
316 579 255
316 580 255
316 581 255
316 582 255
316 583 255
316 584 255
316 585 255
316 586 255
316 587 255
316 588 255
316 589 255
316 590 255
316 591 255
316 592 255
316 593 255
316 594 255
316 595 255
316 596 255
316 597 255
317 567 255
317 568 255
317 569 255
317 570 255
317 571 255
317 572 255
317 573 255
317 574 255
317 575 255
317 576 255
317 577 255
317 578 255
317 579 255
317 580 255
317 581 255
317 582 255
317 583 255
317 584 255
317 585 255
317 586 255
317 587 255
317 588 255
317 589 255
317 590 255
317 591 255
317 592 255
317 593 255
317 594 255
317 595 255
317 596 255
317 597 255
317 598 255
318 566 255
318 567 255
318 568 255
318 569 255
318 570 255
318 571 255
318 572 255
318 573 255
318 574 255
318 575 255
318 576 255
318 577 255
318 578 255
318 579 255
318 580 255
318 581 255
318 582 255
318 583 255
318 584 255
318 585 255
318 586 255
318 587 255
318 588 255
318 589 255
318 590 255
318 591 255
318 592 255
318 593 255
318 594 255
318 595 255
318 596 255
318 597 255
318 598 255
319 565 255
319 566 255
319 567 255
319 568 255
319 569 255
319 570 255
319 571 255
319 572 255
319 573 255
319 574 255
319 575 255
319 576 255
319 577 255
319 578 255
319 579 255
319 580 255
319 581 255
319 582 255
319 583 255
319 584 255
319 585 255
319 586 255
319 587 255
319 588 255
319 589 255
319 590 255
319 591 255
319 592 255
319 593 255
319 594 255
319 595 255
319 596 255
319 597 255
319 598 255
319 599 255
320 565 255
320 566 255
320 567 255
320 568 255
320 569 255
320 570 255
320 571 255
320 572 255
320 573 255
320 574 255
320 575 255
320 576 255
320 577 255
320 578 255
320 579 255
320 580 255
320 584 255
320 585 255
320 586 255
320 587 255
320 588 255
320 589 255
320 590 255
320 591 255
320 592 255
320 593 255
320 594 255
320 595 255
320 596 255
320 597 255
320 598 255
320 599 255
321 565 255
321 566 255
321 567 255
321 568 255
321 569 255
321 570 255
321 571 255
321 572 255
321 573 255
321 574 255
321 575 255
321 576 255
321 577 255
321 578 255
321 579 255
321 586 255
321 587 255
321 588 255
321 589 255
321 590 255
321 591 255
321 592 255
321 593 255
321 594 255
321 595 255
321 596 255
321 597 255
321 598 255
321 599 255
322 564 255
322 565 255
322 566 255
322 567 255
322 568 255
322 569 255
322 570 255
322 571 255
322 572 255
322 573 255
322 574 255
322 575 255
322 576 255
322 577 255
322 587 255
322 588 255
322 589 255
322 590 255
322 591 255
322 592 255
322 593 255
322 594 255
322 595 255
322 596 255
322 597 255
322 598 255
322 599 255
322 600 255
323 564 255
323 565 255
323 566 255
323 567 255
323 568 255
323 569 255
323 570 255
323 571 255
323 572 255
323 573 255
323 574 255
323 575 255
323 576 255
323 577 255
323 588 255
323 589 255
323 590 255
323 591 255
323 592 255
323 593 255
323 594 255
323 595 255
323 596 255
323 597 255
323 598 255
323 599 255
323 600 255
324 564 255
324 565 255
324 566 255
324 567 255
324 568 255
324 569 255
324 570 255
324 571 255
324 572 255
324 573 255
324 574 255
324 575 255
324 576 255
324 588 255
324 589 255
324 590 255
324 591 255
324 592 255
324 593 255
324 594 255
324 595 255
324 596 255
324 597 255
324 598 255
324 599 255
324 600 255
325 564 255
325 565 255
325 566 255
325 567 255
325 568 255
325 569 255
325 570 255
325 571 255
325 572 255
325 573 255
325 574 255
325 575 255
325 589 255
325 590 255
325 591 255
325 592 255
325 593 255
325 594 255
325 595 255
325 596 255
325 597 255
325 598 255
325 599 255
325 600 255
326 564 255
326 565 255
326 566 255
326 567 255
326 568 255
326 569 255
326 570 255
326 571 255
326 572 255
326 573 255
326 574 255
326 575 255
326 589 255
326 590 255
326 591 255
326 592 255
326 593 255
326 594 255
326 595 255
326 596 255
326 597 255
326 598 255
326 599 255
326 600 255
327 564 255
327 565 255
327 566 255
327 567 255
327 568 255
327 569 255
327 570 255
327 571 255
327 572 255
327 573 255
327 574 255
327 575 255
327 589 255
327 590 255
327 591 255
327 592 255
327 593 255
327 594 255
327 595 255
327 596 255
327 597 255
327 598 255
327 599 255
327 600 255
328 564 255
328 565 255
328 566 255
328 567 255
328 568 255
328 569 255
328 570 255
328 571 255
328 572 255
328 573 255
328 574 255
328 575 255
328 589 255
328 590 255
328 591 255
328 592 255
328 593 255
328 594 255
328 595 255
328 596 255
328 597 255
328 598 255
328 599 255
328 600 255
329 564 255
329 565 255
329 566 255
329 567 255
329 568 255
329 569 255
329 570 255
329 571 255
329 572 255
329 573 255
329 574 255
329 575 255
329 589 255
329 590 255
329 591 255
329 592 255
329 593 255
329 594 255
329 595 255
329 596 255
329 597 255
329 598 255
329 599 255
329 600 255
330 563 255
330 564 255
330 565 255
330 566 255
330 567 255
330 568 255
330 569 255
330 570 255
330 571 255
330 572 255
330 573 255
330 574 255
330 575 255
330 589 255
330 590 255
330 591 255
330 592 255
330 593 255
330 594 255
330 595 255
330 596 255
330 597 255
330 598 255
330 599 255
330 600 255
331 563 255
331 564 255
331 565 255
331 566 255
331 567 255
331 568 255
331 569 255
331 570 255
331 571 255
331 572 255
331 573 255
331 574 255
331 575 255
331 588 255
331 589 255
331 590 255
331 591 255
331 592 255
331 593 255
331 594 255
331 595 255
331 596 255
331 597 255
331 598 255
331 599 255
331 600 255
332 563 255
332 564 255
332 565 255
332 566 255
332 567 255
332 568 255
332 569 255
332 570 255
332 571 255
332 572 255
332 573 255
332 574 255
332 575 255
332 588 255
332 589 255
332 590 255
332 591 255
332 592 255
332 593 255
332 594 255
332 595 255
332 596 255
332 597 255
332 598 255
332 599 255
332 600 255
333 563 255
333 564 255
333 565 255
333 566 255
333 567 255
333 568 255
333 569 255
333 570 255
333 571 255
333 572 255
333 573 255
333 574 255
333 588 255
333 589 255
333 590 255
333 591 255
333 592 255
333 593 255
333 594 255
333 595 255
333 596 255
333 597 255
333 598 255
333 599 255
334 563 255
334 564 255
334 565 255
334 566 255
334 567 255
334 568 255
334 569 255
334 570 255
334 571 255
334 572 255
334 573 255
334 574 255
334 588 255
334 589 255
334 590 255
334 591 255
334 592 255
334 593 255
334 594 255
334 595 255
334 596 255
334 597 255
334 598 255
334 599 255
335 563 255
335 564 255
335 565 255
335 566 255
335 567 255
335 568 255
335 569 255
335 570 255
335 571 255
335 572 255
335 573 255
335 574 255
335 588 255
335 589 255
335 590 255
335 591 255
335 592 255
335 593 255
335 594 255
335 595 255
335 596 255
335 597 255
335 598 255
335 599 255
336 563 255
336 564 255
336 565 255
336 566 255
336 567 255
336 568 255
336 569 255
336 570 255
336 571 255
336 572 255
336 573 255
336 574 255
336 588 255
336 589 255
336 590 255
336 591 255
336 592 255
336 593 255
336 594 255
336 595 255
336 596 255
336 597 255
336 598 255
336 599 255
337 563 255
337 564 255
337 565 255
337 566 255
337 567 255
337 568 255
337 569 255
337 570 255
337 571 255
337 572 255
337 573 255
337 574 255
337 588 255
337 589 255
337 590 255
337 591 255
337 592 255
337 593 255
337 594 255
337 595 255
337 596 255
337 597 255
337 598 255
337 599 255
338 563 255
338 564 255
338 565 255
338 566 255
338 567 255
338 568 255
338 569 255
338 570 255
338 571 255
338 572 255
338 573 255
338 574 255
338 588 255
338 589 255
338 590 255
338 591 255
338 592 255
338 593 255
338 594 255
338 595 255
338 596 255
338 597 255
338 598 255
338 599 255
339 563 255
339 564 255
339 565 255
339 566 255
339 567 255
339 568 255
339 569 255
339 570 255
339 571 255
339 572 255
339 573 255
339 574 255
339 588 255
339 589 255
339 590 255
339 591 255
339 592 255
339 593 255
339 594 255
339 595 255
339 596 255
339 597 255
339 598 255
339 599 255
340 563 255
340 564 255
340 565 255
340 566 255
340 567 255
340 568 255
340 569 255
340 570 255
340 571 255
340 572 255
340 573 255
340 574 255
340 588 255
340 589 255
340 590 255
340 591 255
340 592 255
340 593 255
340 594 255
340 595 255
340 596 255
340 597 255
340 598 255
340 599 255
341 563 255
341 564 255
341 565 255
341 566 255
341 567 255
341 568 255
341 569 255
341 570 255
341 571 255
341 572 255
341 573 255
341 574 255
341 588 255
341 589 255
341 590 255
341 591 255
341 592 255
341 593 255
341 594 255
341 595 255
341 596 255
341 597 255
341 598 255
341 599 255
342 563 255
342 564 255
342 565 255
342 566 255
342 567 255
342 568 255
342 569 255
342 570 255
342 571 255
342 572 255
342 573 255
342 574 255
342 588 255
342 589 255
342 590 255
342 591 255
342 592 255
342 593 255
342 594 255
342 595 255
342 596 255
342 597 255
342 598 255
342 599 255
343 563 255
343 564 255
343 565 255
343 566 255
343 567 255
343 568 255
343 569 255
343 570 255
343 571 255
343 572 255
343 573 255
343 574 255
343 588 255
343 589 255
343 590 255
343 591 255
343 592 255
343 593 255
343 594 255
343 595 255
343 596 255
343 597 255
343 598 255
343 599 255
344 563 255
344 564 255
344 565 255
344 566 255
344 567 255
344 568 255
344 569 255
344 570 255
344 571 255
344 572 255
344 573 255
344 588 255
344 589 255
344 590 255
344 591 255
344 592 255
344 593 255
344 594 255
344 595 255
344 596 255
344 597 255
344 598 255
344 599 255
345 563 255
345 564 255
345 565 255
345 566 255
345 567 255
345 568 255
345 569 255
345 570 255
345 571 255
345 572 255
345 573 255
345 588 255
345 589 255
345 590 255
345 591 255
345 592 255
345 593 255
345 594 255
345 595 255
345 596 255
345 597 255
345 598 255
345 599 255
346 563 255
346 564 255
346 565 255
346 566 255
346 567 255
346 568 255
346 569 255
346 570 255
346 571 255
346 572 255
346 573 255
346 587 255
346 588 255
346 589 255
346 590 255
346 591 255
346 592 255
346 593 255
346 594 255
346 595 255
346 596 255
346 597 255
346 598 255
347 563 255
347 564 255
347 565 255
347 566 255
347 567 255
347 568 255
347 569 255
347 570 255
347 571 255
347 572 255
347 573 255
347 587 255
347 588 255
347 589 255
347 590 255
347 591 255
347 592 255
347 593 255
347 594 255
347 595 255
347 596 255
347 597 255
347 598 255
348 563 255
348 564 255
348 565 255
348 566 255
348 567 255
348 568 255
348 569 255
348 570 255
348 571 255
348 572 255
348 573 255
348 587 255
348 588 255
348 589 255
348 590 255
348 591 255
348 592 255
348 593 255
348 594 255
348 595 255
348 596 255
348 597 255
348 598 255
349 562 255
349 563 255
349 564 255
349 565 255
349 566 255
349 567 255
349 568 255
349 569 255
349 570 255
349 571 255
349 572 255
349 573 255
349 587 255
349 588 255
349 589 255
349 590 255
349 591 255
349 592 255
349 593 255
349 594 255
349 595 255
349 596 255
349 597 255
349 598 255
350 562 255
350 563 255
350 564 255
350 565 255
350 566 255
350 567 255
350 568 255
350 569 255
350 570 255
350 571 255
350 572 255
350 573 255
350 587 255
350 588 255
350 589 255
350 590 255
350 591 255
350 592 255
350 593 255
350 594 255
350 595 255
350 596 255
350 597 255
350 598 255
351 562 255
351 563 255
351 564 255
351 565 255
351 566 255
351 567 255
351 568 255
351 569 255
351 570 255
351 571 255
351 572 255
351 573 255
351 587 255
351 588 255
351 589 255
351 590 255
351 591 255
351 592 255
351 593 255
351 594 255
351 595 255
351 596 255
351 597 255
351 598 255
352 562 255
352 563 255
352 564 255
352 565 255
352 566 255
352 567 255
352 568 255
352 569 255
352 570 255
352 571 255
352 572 255
352 573 255
352 587 255
352 588 255
352 589 255
352 590 255
352 591 255
352 592 255
352 593 255
352 594 255
352 595 255
352 596 255
352 597 255
352 598 255
353 562 255
353 563 255
353 564 255
353 565 255
353 566 255
353 567 255
353 568 255
353 569 255
353 570 255
353 571 255
353 572 255
353 573 255
353 587 255
353 588 255
353 589 255
353 590 255
353 591 255
353 592 255
353 593 255
353 594 255
353 595 255
353 596 255
353 597 255
353 598 255
354 562 255
354 563 255
354 564 255
354 565 255
354 566 255
354 567 255
354 568 255
354 569 255
354 570 255
354 571 255
354 572 255
354 573 255
354 587 255
354 588 255
354 589 255
354 590 255
354 591 255
354 592 255
354 593 255
354 594 255
354 595 255
354 596 255
354 597 255
354 598 255
355 562 255
355 563 255
355 564 255
355 565 255
355 566 255
355 567 255
355 568 255
355 569 255
355 570 255
355 571 255
355 572 255
355 573 255
355 587 255
355 588 255
355 589 255
355 590 255
355 591 255
355 592 255
355 593 255
355 594 255
355 595 255
355 596 255
355 597 255
355 598 255
356 562 255
356 563 255
356 564 255
356 565 255
356 566 255
356 567 255
356 568 255
356 569 255
356 570 255
356 571 255
356 572 255
356 573 255
356 587 255
356 588 255
356 589 255
356 590 255
356 591 255
356 592 255
356 593 255
356 594 255
356 595 255
356 596 255
356 597 255
356 598 255
357 562 255
357 563 255
357 564 255
357 565 255
357 566 255
357 567 255
357 568 255
357 569 255
357 570 255
357 571 255
357 572 255
357 573 255
357 587 255
357 588 255
357 589 255
357 590 255
357 591 255
357 592 255
357 593 255
357 594 255
357 595 255
357 596 255
357 597 255
357 598 255
358 562 255
358 563 255
358 564 255
358 565 255
358 566 255
358 567 255
358 568 255
358 569 255
358 570 255
358 571 255
358 572 255
358 573 255
358 587 255
358 588 255
358 589 255
358 590 255
358 591 255
358 592 255
358 593 255
358 594 255
358 595 255
358 596 255
358 597 255
358 598 255
359 562 255
359 563 255
359 564 255
359 565 255
359 566 255
359 567 255
359 568 255
359 569 255
359 570 255
359 571 255
359 572 255
359 573 255
359 586 255
359 587 255
359 588 255
359 589 255
359 590 255
359 591 255
359 592 255
359 593 255
359 594 255
359 595 255
359 596 255
359 597 255
360 562 255
360 563 255
360 564 255
360 565 255
360 566 255
360 567 255
360 568 255
360 569 255
360 570 255
360 571 255
360 572 255
360 586 255
360 587 255
360 588 255
360 589 255
360 590 255
360 591 255
360 592 255
360 593 255
360 594 255
360 595 255
360 596 255
360 597 255
361 562 255
361 563 255
361 564 255
361 565 255
361 566 255
361 567 255
361 568 255
361 569 255
361 570 255
361 571 255
361 572 255
361 573 255
361 586 255
361 587 255
361 588 255
361 589 255
361 590 255
361 591 255
361 592 255
361 593 255
361 594 255
361 595 255
361 596 255
361 597 255
362 562 255
362 563 255
362 564 255
362 565 255
362 566 255
362 567 255
362 568 255
362 569 255
362 570 255
362 571 255
362 572 255
362 573 255
362 586 255
362 587 255
362 588 255
362 589 255
362 590 255
362 591 255
362 592 255
362 593 255
362 594 255
362 595 255
362 596 255
362 597 255
363 562 255
363 563 255
363 564 255
363 565 255
363 566 255
363 567 255
363 568 255
363 569 255
363 570 255
363 571 255
363 572 255
363 573 255
363 585 255
363 586 255
363 587 255
363 588 255
363 589 255
363 590 255
363 591 255
363 592 255
363 593 255
363 594 255
363 595 255
363 596 255
363 597 255
364 562 255
364 563 255
364 564 255
364 565 255
364 566 255
364 567 255
364 568 255
364 569 255
364 570 255
364 571 255
364 572 255
364 573 255
364 585 255
364 586 255
364 587 255
364 588 255
364 589 255
364 590 255
364 591 255
364 592 255
364 593 255
364 594 255
364 595 255
364 596 255
364 597 255
365 562 255
365 563 255
365 564 255
365 565 255
365 566 255
365 567 255
365 568 255
365 569 255
365 570 255
365 571 255
365 572 255
365 573 255
365 574 255
365 584 255
365 585 255
365 586 255
365 587 255
365 588 255
365 589 255
365 590 255
365 591 255
365 592 255
365 593 255
365 594 255
365 595 255
365 596 255
366 563 255
366 564 255
366 565 255
366 566 255
366 567 255
366 568 255
366 569 255
366 570 255
366 571 255
366 572 255
366 573 255
366 574 255
366 575 255
366 583 255
366 584 255
366 585 255
366 586 255
366 587 255
366 588 255
366 589 255
366 590 255
366 591 255
366 592 255
366 593 255
366 594 255
366 595 255
366 596 255
367 563 255
367 564 255
367 565 255
367 566 255
367 567 255
367 568 255
367 569 255
367 570 255
367 571 255
367 572 255
367 573 255
367 574 255
367 575 255
367 576 255
367 577 255
367 578 255
367 579 255
367 580 255
367 581 255
367 582 255
367 583 255
367 584 255
367 585 255
367 586 255
367 587 255
367 588 255
367 589 255
367 590 255
367 591 255
367 592 255
367 593 255
367 594 255
367 595 255
367 596 255
368 563 255
368 564 255
368 565 255
368 566 255
368 567 255
368 568 255
368 569 255
368 570 255
368 571 255
368 572 255
368 573 255
368 574 255
368 575 255
368 576 255
368 577 255
368 578 255
368 579 255
368 580 255
368 581 255
368 582 255
368 583 255
368 584 255
368 585 255
368 586 255
368 587 255
368 588 255
368 589 255
368 590 255
368 591 255
368 592 255
368 593 255
368 594 255
368 595 255
369 564 255
369 565 255
369 566 255
369 567 255
369 568 255
369 569 255
369 570 255
369 571 255
369 572 255
369 573 255
369 574 255
369 575 255
369 576 255
369 577 255
369 578 255
369 579 255
369 580 255
369 581 255
369 582 255
369 583 255
369 584 255
369 585 255
369 586 255
369 587 255
369 588 255
369 589 255
369 590 255
369 591 255
369 592 255
369 593 255
369 594 255
370 564 255
370 565 255
370 566 255
370 567 255
370 568 255
370 569 255
370 570 255
370 571 255
370 572 255
370 573 255
370 574 255
370 575 255
370 576 255
370 577 255
370 578 255
370 579 255
370 580 255
370 581 255
370 582 255
370 583 255
370 584 255
370 585 255
370 586 255
370 587 255
370 588 255
370 589 255
370 590 255
370 591 255
370 592 255
370 593 255
370 594 255
371 565 255
371 566 255
371 567 255
371 568 255
371 569 255
371 570 255
371 571 255
371 572 255
371 573 255
371 574 255
371 575 255
371 576 255
371 577 255
371 578 255
371 579 255
371 580 255
371 581 255
371 582 255
371 583 255
371 584 255
371 585 255
371 586 255
371 587 255
371 588 255
371 589 255
371 590 255
371 591 255
371 592 255
371 593 255
372 566 255
372 567 255
372 568 255
372 569 255
372 570 255
372 571 255
372 572 255
372 573 255
372 574 255
372 575 255
372 576 255
372 577 255
372 578 255
372 579 255
372 580 255
372 581 255
372 582 255
372 583 255
372 584 255
372 585 255
372 586 255
372 587 255
372 588 255
372 589 255
372 590 255
372 591 255
372 592 255
373 567 255
373 568 255
373 569 255
373 570 255
373 571 255
373 572 255
373 573 255
373 574 255
373 575 255
373 576 255
373 577 255
373 578 255
373 579 255
373 580 255
373 581 255
373 582 255
373 583 255
373 584 255
373 585 255
373 586 255
373 587 255
373 588 255
373 589 255
373 590 255
373 591 255
374 568 255
374 569 255
374 570 255
374 571 255
374 572 255
374 573 255
374 574 255
374 575 255
374 576 255
374 577 255
374 578 255
374 579 255
374 580 255
374 581 255
374 582 255
374 583 255
374 584 255
374 585 255
374 586 255
374 587 255
374 588 255
374 589 255
374 590 255
375 570 255
375 571 255
375 572 255
375 573 255
375 574 255
375 575 255
375 576 255
375 577 255
375 578 255
375 579 255
375 580 255
375 581 255
375 582 255
375 583 255
375 584 255
375 585 255
375 586 255
375 587 255
375 588 255
376 571 255
376 572 255
376 573 255
376 574 255
376 575 255
376 576 255
376 577 255
376 578 255
376 579 255
376 580 255
376 581 255
376 582 255
376 583 255
376 584 255
376 585 255
376 586 255
377 573 255
377 574 255
377 575 255
377 576 255
377 577 255
377 578 255
377 579 255
377 580 255
377 581 255
377 582 255
377 583 255
377 584 255
